17
2 2
16 16
1 1 1 1 1 1 1 1 1 1 1 1 1 1 1 1 1 
1 0 0 0 0 1 0 0 0 0 0 0 1 0 0 0 1 
1 1 1 0 1 0 0 1 1 1 1 0 0 0 1 0 1 
1 0 1 0 1 1 1 0 0 0 0 1 0 1 0 e 1 
1 0 1 0 0 0 1 0 1 1 0 0 1 1 0 1 1 
1 0 1 1 1 e 1 0 0 0 1 0 0 0 0 1 1 
1 0 0 0 1 0 0 1 1 0 0 1 1 1 0 p 1 
1 k 1 0 0 1 0 0 0 0 1 0 0 0 1 0 1 
1 0 1 0 1 0 1 1 0 1 0 0 1 0 1 0 1 
1 1 0 0 0 0 1 w 0 1 0 1 1 w 0 0 1 
1 0 0 1 1 0 0 1 1 0 0 1 0 1 1 0 1 
1 1 0 1 0 0 1 0 0 0 1 1 0 0 0 1 1 
1 0 0 1 1 0 1 0 1 1 0 0 0 1 0 0 1 
1 1 0 0 0 1 0 0 1 0 0 1 1 0 1 0 1 
1 0 0 1 0 1 0 1 0 0 1 k 1 0 0 0 1 
1 0 1 0 0 0 0 0 0 1 0 0 0 p 1 0 1 
1 1 1 1 1 1 1 1 1 1 1 1 1 1 1 1 1 
