17
2 2
16 16
1 1 1 1 1 1 1 1 1 1 1 1 1 1 1 1 1 
1 0 0 1 1 0 0 0 1 0 0 0 0 0 1 1 1 
1 1 0 0 0 1 1 0 0 0 1 1 1 0 0 1 1 
1 0 1 1 0 k 0 0 1 1 0 0 0 1 0 0 1 
1 0 0 1 1 1 0 1 1 0 0 1 0 0 1 0 1 
1 1 0 0 0 0 1 0 0 0 1 0 0 1 0 0 1 
1 0 0 1 1 0 0 0 1 p 1 1 1 0 0 1 1 
1 w 1 0 k 1 1 0 e 1 0 0 0 0 1 0 1 
1 0 0 1 0 0 0 1 0 0 0 1 1 1 0 0 1 
1 1 0 1 0 1 0 w 1 1 1 0 0 1 1 0 1 
1 1 0 0 1 1 0 1 0 p 0 1 0 0 0 0 1 
1 0 1 0 1 0 0 0 1 0 1 0 1 0 1 0 1 
1 0 1 0 0 0 1 0 1 0 0 0 0 e 1 0 1 
1 0 0 1 1 1 1 0 1 0 1 0 1 0 1 0 1 
1 0 1 0 0 0 0 0 1 1 0 1 0 0 1 0 1 
1 0 0 0 1 0 1 0 0 0 0 0 0 1 0 0 1 
1 1 1 1 1 1 1 1 1 1 1 1 1 1 1 1 1 
